#question 1
p <- 0.67
d <- 0.01
m <- 23-3
clv <- (m*(1+d))/(1+d-p)

#question 2
rlv <- (m*p)/(1+d-p)

#question 3
m3 <- 26.8
d3 <- 0.0153
p3 <- 1+(67-100)/100
p4 <- 1+(50-67)/67              
p5 <- 1+